Ra = 15 ;
La =1;
f=0.0004;
J=0.006;
k=1.2;
 